-0.5773502691896258 -0.5773502691896258 -0.5773502691896258
-0.5773502691896258 -0.5773502691896258 0.5773502691896258
-0.5773502691896258 0.5773502691896258 -0.5773502691896258
-0.5773502691896258 0.5773502691896258 0.5773502691896258
0.5773502691896258 -0.5773502691896258 -0.5773502691896258
0.5773502691896258 -0.5773502691896258 0.5773502691896258
0.5773502691896258 0.5773502691896258 -0.5773502691896258
0.5773502691896258 0.5773502691896258 0.5773502691896258
0.0 -0.9341723589627158 -0.35682208977308993
-0.9341723589627158 -0.35682208977308993 0.0
-0.35682208977308993 0.0 -0.9341723589627158
0.0 -0.9341723589627158 0.35682208977308993
-0.9341723589627158 0.35682208977308993 0.0
-0.35682208977308993 0.0 0.9341723589627158
0.0 0.9341723589627158 -0.35682208977308993
0.9341723589627158 -0.35682208977308993 0.0
0.35682208977308993 0.0 -0.9341723589627158
0.0 0.9341723589627158 0.35682208977308993
0.9341723589627158 0.35682208977308993 0.0
0.35682208977308993 0.0 0.9341723589627158