2.361029288373813e-18 0.0 1.0
0.8944271569738749 0.0 0.44721366355203324
0.2763932064839828 0.8506508115204552 0.44721358685654156
-0.7236067940608634 0.5257311241705899 0.44721358730173555
-0.7236067940608634 -0.5257311241705899 0.44721358730173555
0.2763932064839828 -0.8506508115204552 0.44721358685654156
0.7236067940608634 0.5257311241705899 -0.44721358730173555
0.7236067940608634 -0.5257311241705899 -0.44721358730173555
-0.2763932064839828 0.8506508115204552 -0.44721358685654156
-0.8944271569738749 0.0 -0.44721366355203324
-0.2763932064839828 -0.8506508115204552 -0.44721358685654156
2.361029288373813e-18 0.0 -1.0
