-0.4832982883494 0.6167539403515357 0.6213190336207274
0.8252952525116332 -0.42029325595247313 0.377148942968993
-0.2639819933283073 0.2788318109890507 0.923345183763353
0.9718564170362726 0.1999826653539431 -0.12450718141276618
0.4709307829931027 -0.20260627118143293 -0.8585888984301271
0.821921631646766 -0.00499047707611477 -0.5695787272797947
0.6420863568826771 -0.7652817917278175 0.04548504759800776
0.108557667154274 0.6094758314085567 0.7853371529673548
-0.7687769010666364 0.5938144935067677 -0.23741614032681096
-0.9148406857633149 -0.32270418243354043 -0.2427519934254053
0.20737554464587452 -0.380868669794308 0.9010740479294371
0.3037261732998044 -0.9083802541583368 -0.2873947207376866
-0.9359783326408898 -0.11195736782829724 0.3337815282722206
-0.29396940754546486 0.8623812190112079 -0.4121657682584902
-0.6051423385054876 -0.4093206497862665 -0.6828318649613963
-0.2106023109131754 -0.7751977277566493 -0.5955796752063977
-0.06532366343609915 0.5484891597321027 -0.833602099716441
0.16524619138958677 -0.9494510868081697 0.26690134879768107
0.08771121004894357 0.09556237968732374 -0.9915515998778106
-0.6102326419893256 -0.7494070395364171 -0.2569147947160513
0.01911083102317761 0.9984296672165025 -0.052659052019076544
-0.7955836674761442 -0.5743755816501739 0.19271564349899722
0.47693246256024424 0.36728045148020927 -0.7985239483676836
0.9218657412154094 0.08751412552551799 0.37749812318323867
0.8005942128878402 0.565356730707767 0.1985464009593855
-0.42019069050475394 0.05241711699299654 -0.9059206529598939
0.24419306840834953 0.8038237147844034 -0.5424363381001658
0.6364820067818894 -0.1293472697672193 0.7603682915841936
-0.39972907853128564 -0.8630562351284127 0.30878892270044206
-0.6931982969440289 0.09206042878824983 0.7148433384771952
-0.2698867156395269 -0.22439410029355333 0.9363805041086427
-0.11547482698415559 -0.7167571633079314 0.6876952327737534
-0.8198205194569371 0.0782075775151112 -0.5672546964958296
-0.5411018095127135 0.49956157704905796 -0.6764961659006837
-0.6056529278624725 -0.45434847507116255 0.6532625767424031
0.44593685741594535 -0.6838659309954392 0.5774666290113498
-0.11558103009294873 -0.3742855461262331 -0.9200822547161968
-0.16677244656684306 -0.9783759387471548 -0.12234162638584294
0.2298288507963352 0.1316335614937967 0.9642879781632119
0.39393972983679487 0.826336995423362 0.40246572431798927
-0.8352598057494411 0.45156879621546425 0.31373026501108026
0.5004954176629098 0.8596809588977672 -0.10223984451790302
0.948351072053117 -0.30218683375197153 -0.09650575963465816
-0.11742304975047599 0.8991062866842624 0.42168674704350656
0.7349371984866482 0.5389596986806652 -0.41156986949805213
0.6050798354580795 0.4092877943030653 0.6829069439949744
0.7065415961447762 -0.5386353223794578 -0.45898906566754893
-0.9827473969413134 0.1645930223033115 -0.0843604813531452
-0.5133661167312318 0.8523496667754593 0.09977612810717185
0.2748764945255936 -0.6434052690880045 -0.7144736331503869

