-0.45862492 0.70816805 0.53680648
0.59729765 0.46964783 0.65012802
-0.76676247 -0.5207724 0.37532842
-0.95883397 -0.21425363 0.18636737
-0.67410025 -0.52831462 -0.51620977
0.67847716 0.71187283 0.1813996
-0.05080616 -0.16157763 -0.98555132
0.27395036 -0.51683477 -0.81106906
0.15034071 0.98856845 0.0114056
-0.87887424 0.44395768 -0.17458996
-0.24090401 0.64209861 -0.7277875
-0.19635268 0.59999699 0.77553158
0.89024142 -0.41967592 -0.17703766
-0.15298819 0.95313911 0.26099894
-0.72056263 0.32660478 0.61165253
-0.60810466 -0.40148533 -0.68484907
-0.54384857 0.83902279 -0.016416
0.94786403 -0.30997765 0.07394348
-0.6620714 0.22813304 0.71387448
-0.17392119 -0.73397675 0.65652841
0.44341217 -0.73759165 0.50925849
0.23805703 0.51430826 -0.82390283
0.50010417 -0.00811481 0.86592723
0.73066177 -0.53528121 -0.42380114
-0.77652253 0.15455266 -0.61084059
0.89237483 0.38213685 -0.24008036
-0.93801784 -0.17317673 0.30022051
0.73587947 -0.53398579 0.4163419
-0.2656546 -0.93895229 -0.21862348
-0.9772489 0.05066969 -0.20595429

8 21 25
20 22 27
9 10 16
0 14 16
7 21 23
12 23 25
7 15 28
6 7 15
1 5 13
6 7 21
7 12 23
14 18 26
17 22 27
1 5 25
0 11 13
21 23 25
9 14 16
2 18 19
4 15 28
12 20 28
8 10 21
1 11 13
9 24 29
0 14 18
0 13 16
9 10 24
6 15 24
1 11 22
7 12 28
5 8 13
12 17 27
11 18 22
8 13 16
0 11 18
9 26 29
5 8 25
4 15 24
12 17 25
6 10 21
1 17 22
12 20 27
6 10 24
1 17 25
2 4 28
18 19 22
2 3 26
2 19 28
19 20 22
19 20 28
2 3 4
4 24 29
2 18 26
8 10 16
9 14 26
3 4 29
3 26 29
