-0.49692587092547813 0.4711143633046406 0.7287770135597158
0.7897927464871858 -0.5715230581439044 0.22268545441062623
-0.11383044284632152 0.24270039683740466 0.9633997859956045
0.942410570398904 0.32447509375639333 0.08110629033676993
0.7436083849408944 -0.30873126162917536 -0.5930696231796501
0.840426872930218 0.1949457984536197 -0.5056469192252792
0.41002124438931414 -0.9101584975392772 0.0591108154780793
0.12551215032371 0.6399206867228526 0.7581215039987135
-0.8230186140576414 0.5010558510138585 -0.26755073365516535
-0.9037106169945701 -0.3385309513691301 -0.26211431799198837
0.27705030948420895 -0.2970493551233095 0.9137859741950136
0.27134622904913364 -0.7786162488166961 -0.5657985163107372
-0.8850405864070311 0.08344372622786726 0.45797413132785925
-0.10147894030547552 0.8570666272402021 -0.5051126816321109
-0.6068326603838547 -0.41015533328841464 -0.680827970097089
-0.2540169027935059 -0.79192189487759 -0.5552793220611424
-0.027875311858084575 0.498956609510619 -0.8661785432660418
0.0024616161252211865 -0.9407932715900382 0.33897191709191027
0.014611438528577478 0.0288403252674471 -0.9994772341092083
-0.6232506051551353 -0.7529013087319819 -0.21141973059160452
-0.0989466918132614 0.9950168457132146 -0.012289382658874115
-0.8814839817086721 -0.41244577601157817 0.22994449730583388
0.48233982086690647 0.19207041817674836 -0.8546679189413217
0.9419713266912726 -0.09245587199478458 0.322710290237494
0.6232572634335656 0.7311427490688631 0.2774538953796262
-0.4615633244566105 0.06359041165434515 -0.8848251562100802
0.40786873395903844 0.6530368244923697 -0.638111276906758
0.6907808016912903 -0.19891557790579878 0.6951650716780442
-0.48417854680374617 -0.8420295764827941 0.23781784445919796
-0.5966386233397731 -0.034258763500478864 0.8017784546011689
-0.19651780075166003 -0.2575306027926474 0.9460754423474835
-0.10265404606577459 -0.6856759655181494 0.7206320955502047
-0.8291057332442475 0.08396925393557672 -0.5527502577973358
-0.5018659661066849 0.5548243286172215 -0.6635514421943889
-0.595152429756158 -0.5181473576579028 0.6142612645344608
0.43743951346554366 -0.6849952978269873 0.5826045949131756
-0.12660687656743574 -0.44809053643865654 -0.8849777228608386
-0.05988373736395008 -0.9852003584905052 -0.16060570235675095
0.3879866298958941 0.22246401053631368 0.8944138522172638
0.19023456059820631 0.9046638608553343 0.3813057969875722
-0.7754500857627488 0.565735252453596 0.2803939882055456
0.3642164083102616 0.9143204258245112 -0.17710044279350975
0.9679339384782637 -0.19100850478683307 -0.1631552691182703
-0.3349719302635283 0.8306995066884105 0.44467081703565553
0.7501317008651975 0.6099353023034373 -0.25550216899490413
0.718166664942668 0.37457074491132786 0.5864583518219334
0.6731275399367809 -0.6840154214238586 -0.2811089081352612
-0.9943004159338138 0.1060568934000175 -0.010891199942253989
-0.5308964637360136 0.8394481961415947 -0.11608475691157082
0.36636298892616237 -0.3435364320730629 -0.8647316810338329

