-0.5193295595382544 0.4787574847037969 0.7078757514069094
0.8124482877766279 -0.5322357454766233 0.23801867768259036
-0.1315182778978111 0.2838840896079531 0.9497961708947125
0.9378692664940349 0.3433533325873558 0.05009718522130527
0.7076222935979617 -0.26600078318296133 -0.6546100159249103
0.8716179048829766 0.17433794132732935 -0.45813590789323555
0.44366674619066504 -0.8957898396484375 0.026839923755754086
0.1761464448158235 0.6159303883868724 0.7678555766811509
-0.834808812023979 0.49533529246663616 -0.2402856537625678
-0.9014115801393707 -0.3512851516393431 -0.25309268149902486
0.25483559115651516 -0.38686478069993246 0.8862248376873121
0.28351053008584526 -0.8302675741578015 -0.4798724149527275
-0.8971475054745329 0.09339544403075771 0.43174488353091206
-0.11845973579389596 0.8603772584823084 -0.49569977212230737
-0.6263262429645223 -0.40527441541387493 -0.6659339949160789
-0.2241909011511954 -0.7730501375689159 -0.5934070480249583
-0.07222690403617793 0.4651596135498536 -0.8822753585222132
0.027356868558214422 -0.9459097270533002 0.32327448091156197
0.1237394602150408 0.004453964083781033 -0.9923047456248664
-0.6094904571759175 -0.7615008538958137 -0.22053986516600102
-0.09836417429998466 0.9945799602838421 0.03369260773631752
-0.8733027965289797 -0.4253169141041758 0.23758734846696877
0.5246888383956156 0.20500083170754632 -0.8262422658411236
0.927846382584539 -0.002613378026118875 0.37295342950572025
0.6598464085552038 0.7179840856863432 0.2215887402778965
-0.42952109645749376 0.0817440381818003 -0.8993495093230911
0.3411861464701996 0.6532691801158996 -0.6758930327851558
0.681377233265798 -0.22700486306189996 0.695840397025995
-0.4892280227552333 -0.8331735698676603 0.2578327834566113
-0.6093737439229719 -0.014335281387747567 0.7927535177625102
-0.1898024279482694 -0.21809092616175677 0.957293782634594
-0.1360702061459665 -0.6935306190895024 0.7074603730137299
-0.8165881145858767 0.08959191904672585 -0.5702255160536122
-0.5221381853519687 0.5641631682189927 -0.6396027165533789
-0.596196956095087 -0.48917701309868505 0.6365964494079447
0.4433699997779747 -0.7149957185157821 0.5405591233167554
-0.18169007390841357 -0.38599717372489156 -0.9044307043215368
-0.11104947727803716 -0.9827878514227362 -0.14763486272610807
0.36337069142367345 0.13033344535843605 0.9224830262044289
0.24724580369211752 0.8878504741792026 0.38806062420246135
-0.7579175211628801 0.5906535143175872 0.27692861379532296
0.3378959416403545 0.921739119063034 -0.19032427331236718
0.97196020348227 -0.19781071841702044 -0.12713883170002185
-0.28351040461051447 0.8302656693801019 0.4798757846843219
0.7087073211030053 0.623459915895947 -0.33019943410917674
0.6707922186882654 0.4031446678454884 0.6225047599296131
0.7244194438194054 -0.6208099732014833 -0.2996855795495624
-0.9958925209957933 0.08497228831260616 -0.03126974326026083
-0.5204091062594602 0.8461458407223157 -0.11494163018922106
0.31024321696697144 -0.4731459484974997 -0.8245496090268832

