-0.5135035374105796 0.47802471045610806 0.7126054260670315
0.8090675056454394 -0.5389857485046229 0.23431631231644592
-0.12763114236201406 0.2728983162529454 0.953539092269255
0.9384071015560065 0.34093072699656796 0.056199209414784825
0.7168518727848292 -0.26628079308162594 -0.6443740619552464
0.8667761676789717 0.1870162677152927 -0.46230292098752457
0.4390464648244194 -0.8980632054005945 0.026845499265045432
0.16914448040778998 0.6181860111736128 0.7676172225379239
-0.8347204293847903 0.4959637056219939 -0.23929439498945962
-0.9012291652060888 -0.3495885257177698 -0.25607392383531086
0.25580087031450977 -0.370145492618544 0.8930611563832093
0.2804211965900804 -0.8277807128749801 -0.48594551535658514
-0.8977314059629753 0.09153902507447996 0.43092798660118753
-0.11174153614347003 0.8598143431642671 -0.49822999145906244
-0.6251852756024662 -0.40167424704901755 -0.669179475497772
-0.23042077545589776 -0.7753120963148215 -0.588045423029735
-0.06755316012354594 0.47368468335659725 -0.8780998754758382
0.029956849636015276 -0.9450181021296211 0.3256430159042478
0.10555013672815178 0.008919783021773592 -0.9943739769862812
-0.6125547457778825 -0.7598698324916038 -0.21765688846019993
-0.10083216427212713 0.9944263640740683 0.030807159600127462
-0.8729174567231448 -0.42697689327442895 0.23602086000545305
0.5190475845105563 0.18834122703416226 -0.8337368812839114
0.9306824418740053 -0.016539667993440192 0.365454007735728
0.6548756093402842 0.7207354106894795 0.22732884566077163
-0.4306821835641995 0.08251069010264422 -0.8987240081243844
0.3581825045054139 0.6438047559720017 -0.6761809888292191
0.6824301512850783 -0.22506633630164322 0.6954381589190954
-0.485127958627705 -0.8353744473322656 0.25845772672146533
-0.6125336828637717 -0.013542803655436088 0.7903284632521435
-0.19839341299008856 -0.22574926325289985 0.9537700581497184
-0.1275642348181712 -0.6929539453695014 0.7096070712669771
-0.8164571876704654 0.09249387351782451 -0.5699495978267755
-0.5204422131921748 0.5659296220684265 -0.639424401781101
-0.5953063914579516 -0.4934365514894913 0.6341377373595353
0.44329094988243295 -0.7095693194454817 0.5477266787860589
-0.17608868696774796 -0.39655240396418157 -0.9009655738329867
-0.10918551851994222 -0.9831139229643889 -0.1468520923211547
0.3699739149546817 0.14294235780137352 0.9179797299501172
0.24128583509275092 0.8894667594444509 0.3881108470875057
-0.7590693697551995 0.5879106393929499 0.27959751785024367
0.33526918596585237 0.9221761254237032 -0.19283611342360416
0.9711876251326076 -0.19697805266862892 -0.13414262393497636
-0.2875883714808248 0.8292903610708527 0.47913508076948624
0.7112808152729133 0.6281669652935438 -0.31541380048850015
0.6770614116926301 0.4012666962466716 0.6169058949953911
0.719268627374219 -0.6271326840810358 -0.29892681082921013
-0.9959079431056068 0.08475530231468606 -0.031367301265896264
-0.5213461653698701 0.8453668695434295 -0.11641748894592305
0.3186246831201648 -0.4618680738234755 -0.8277416225424254

