-0.5141836802559312 0.4979220401994986 0.6983471807360827
0.8214559090794972 -0.51727908758798 0.2400677716448499
-0.3378367447492557 0.20412483788694444 0.9188032348957283
0.9723391056586216 0.20636630519786794 0.10940572053586803
0.8546032592316518 -0.4250437593433961 -0.2983137139889337
0.8682606289042737 0.170298606100933 -0.4659633730829435
0.4009587121518123 -0.9069519962494109 0.1291130808584805
0.05972651046103038 0.5046230780974592 0.8612713236835382
-0.8155855234662308 0.5302784837598261 -0.23157068807103814
-0.9152267416015729 -0.3613482242297817 -0.17829041562392325
0.21833040691153235 -0.24124309714369713 0.9455863797128009
0.28731186431969313 -0.788941222439737 -0.5431607866520147
-0.8007277853942166 0.23233171246998355 0.5521385596736007
-0.05821465901540612 0.9368826409767179 -0.34476364441775215
-0.5499657998727282 -0.5565064145139604 -0.6227665931752973
-0.158936147897278 -0.8728663407222754 -0.4613498153523844
-0.25051059149581956 0.5473433254646617 -0.7985359901830974
-0.026713260517296215 -0.9671073960747496 0.252961827495874
-0.1945045433689162 0.13801719727612366 -0.9711432622764229
-0.7220417090201404 -0.688642531097925 -0.066537469130694
-0.3588641398398644 0.9306027179426266 -0.0720771149172199
-0.9035862702308239 -0.13805816505193794 0.405551224030751
0.5956520877693282 0.28341805589857666 -0.751580199264664
0.9349095927932408 -0.13128688305835046 0.3297086708595934
0.37962057746978345 0.8392698950304351 0.38924832749430105
-0.602642746381932 -0.037752579920138085 -0.797117596683586
0.6003016392882929 0.6283643874360205 -0.4947687727312052
0.7188887355848304 -0.1373698002053848 0.6814165567703624
-0.4530142456928851 -0.8253430804901399 0.337026545966861
-0.5790557108666158 -0.11895395800983513 0.8065633512542909
-0.1841626566441735 -0.2366337127071526 0.9539856403050252
-0.393992326696925 -0.6421698910425577 0.6575620712467631
-0.9421375006768292 0.134197672549497 -0.30719361077456575
-0.5653192360174126 0.6146120641666728 -0.5501510446863392
-0.7060303173694005 -0.42296520632178786 0.5679979095000537
0.475451725553089 -0.5074035978048856 0.7186704708023337
-0.2256488665072893 -0.38468065141759744 -0.8950437896935034
-0.3500111404581246 -0.9327457518983374 -0.08647290830548232
0.384270183329912 0.24955805516139723 0.8888516205237277
0.01036476270358453 0.8661277934238277 0.499715136005374
-0.816198855443039 0.5012549059084911 0.28733768927194886
0.3811415122157351 0.8712073692379668 -0.3094008200560616
0.9736675565289049 -0.08277363395328143 -0.2124147237956917
-0.3362418937639321 0.779201144952395 0.5289489243612479
0.8203494816180368 0.5610258855385701 -0.11080019749387483
0.7755067959353835 0.33504935358138893 0.5350991871818986
0.6598131756389068 -0.7307641559678795 -0.1750152039276979
-0.9922057510575882 0.08333121853996994 0.0926480198649221
-0.6334907924562387 0.7643537021746999 0.12021993946511936
0.5597002155681876 -0.303452421319346 -0.7711370155091446

