-0.5013182305580939 0.4789159985429896 0.7206382574146846
0.794215739025495 -0.5616291289701477 0.2319355112448721
-0.12127019526381068 0.2525517764396575 0.9599537176123913
0.9422370708611294 0.32813221761870326 0.06722016108037256
0.7355375760919917 -0.27441944716076916 -0.6194178243937575
0.8536210136280715 0.2011287578024239 -0.4804980623035204
0.4231183930605031 -0.9055509213209482 0.030795362454105003
0.13983567058861007 0.6307469981794428 0.7632851429961518
-0.8312073254356384 0.4964057053254988 -0.25035126894510995
-0.902469429813696 -0.34478208332645327 -0.25821356135728646
0.26419889879642083 -0.32045201401006623 0.909675463333848
0.27334206576754516 -0.8022789079967202 -0.5306907469190709
-0.8934324217013628 0.08254099196181115 0.4415489695365606
-0.10052087178445299 0.8593944085121558 -0.5013350226682112
-0.6190122901880808 -0.3985030861499275 -0.6767710653722502
-0.2495251218398181 -0.7847815727835635 -0.5673227446438054
-0.045304456355347106 0.491719675807739 -0.8695741869776715
0.021480001950868258 -0.9426593734128542 0.3330644310536263
0.053967236499463805 0.02201465220069262 -0.9983000012386525
-0.6189944117708807 -0.7562177343406336 -0.21208643630638022
-0.0992140446496337 0.9949940781862607 0.011973208364260555
-0.8733369404428108 -0.4262877176641607 0.23571459485290933
0.4994103051511993 0.17552632286286982 -0.8483984070535645
0.9378560222652125 -0.06072662792052577 0.3416699550184002
0.6410416479370146 0.7242988337513712 0.253883447740494
-0.4431839676573109 0.0796342133172223 -0.892886534158104
0.3928699968511109 0.6403518685819491 -0.660002007555897
0.6847360745704305 -0.2133980004952141 0.6968484781977516
-0.4794160096492173 -0.8413197539429947 0.2496825210488723
-0.6089338651747978 -0.01757634924716826 0.7930262415522092
-0.20733265693235756 -0.24414966012431213 0.9473141574105987
-0.10495092651219229 -0.6879724084153876 0.7181081174052856
-0.8218620339042896 0.09010909393760376 -0.5625150206140709
-0.510867117687093 0.5638216612582838 -0.6489375334822537
-0.5896392676676079 -0.5095877225824827 0.6266146240055411
0.4375963760388938 -0.6966729111726752 0.5684683513757093
-0.1561821695691988 -0.4286024506897001 -0.8898916052932746
-0.08281126390096236 -0.9848128083863236 -0.15259759830799227
0.38225012434418465 0.1915102150301688 0.9039959513061736
0.21886787268335342 0.8948864768699766 0.38894093101948585
-0.7699385062643521 0.5733837129473235 0.28004609316710655
0.3465167338974329 0.9191193046707742 -0.18747228304623628
0.9678007413167964 -0.20263057544887483 -0.1493404667192288
-0.31699258191252433 0.8330568397530321 0.45335637720575056
0.7294131175715706 0.6259174581852622 -0.27601420154300543
0.7015373799188266 0.3859412695538399 0.5990781593680398
0.699581662181418 -0.6516717399342827 -0.29310312402038474
-0.99562013786021 0.09094078569831776 -0.021686737509115466
-0.5258121379504563 0.84182788296108 -0.1218499530292746
0.34143709830125213 -0.4050587618009375 -0.8481439190325618

