-0.4986397979607725 0.4752702340152939 0.7248976179769717
0.7906142358412922 -0.5680901094293365 0.2284792280572882
-0.11716576538405025 0.2464423865797852 0.962049028646061
0.9427975825265744 0.3250122996406732 0.07416012044440248
0.740526375842429 -0.2931602648918471 -0.6047129449335609
0.8460083171471073 0.19788004309567364 -0.4950893008966908
0.41517455747296955 -0.9085337318562718 0.04686731170485459
0.1298189734911836 0.6365132340341215 0.7602617555954785
-0.8268863088483551 0.4985040405442496 -0.2602935915465458
-0.9033689135665671 -0.3410428288337676 -0.26002768103150475
0.2714562827171736 -0.30398851078202 0.9131826059917608
0.2728463365796486 -0.7870081723656845 -0.5533290280156012
-0.8887393520030827 0.0818566008115166 0.45104529828468953
-0.10050179473043887 0.8583093427056755 -0.5031942581946975
-0.6117497183262315 -0.4038393635909816 -0.6802029480546284
-0.253799581325008 -0.7898288016523013 -0.5583513558680954
-0.03391361371870828 0.49668524777071055 -0.8672679121537278
0.008482928583491095 -0.9417014538944982 0.3363426997210372
0.02850002745397723 0.026693071819171993 -0.9992373233381443
-0.621795400496818 -0.7539342997490689 -0.21202252612136047
-0.0985762892895343 0.9951270146729582 -0.0022225791307083865
-0.8772329391846472 -0.4195552194759454 0.23331478354351343
0.48922004981660955 0.18475028501924862 -0.852367922345005
0.9406947758621896 -0.0801119304423366 0.3296595475128656
0.6307915556930035 0.7278723873851903 0.26889366104202606
-0.4540969778002228 0.07151870239844439 -0.8880771418970014
0.4023960931271318 0.648236192119551 -0.6464265027536891
0.6878753547608317 -0.2050601700402222 0.6962598817795947
-0.48238741932234924 -0.8419619160763238 0.2416661117256819
-0.6021420494557205 -0.026237405493826162 0.7979577374963019
-0.20235919215320916 -0.2521421383812864 0.946295460944209
-0.10095069744110514 -0.6861203342600588 0.7204497509202289
-0.8264016996008661 0.08590594590584469 -0.5564893524181951
-0.505434344140387 0.5588698371710561 -0.657419674837751
-0.5909124856729647 -0.515820808765605 0.6202832639368853
0.43637455137213765 -0.690044178480354 0.5774221009453475
-0.13869192812077277 -0.4433481764035045 -0.8855545965968613
-0.06646133317211189 -0.9851595258332753 -0.15825169778849754
0.38613865211885257 0.2120427954130284 0.8977387115710587
0.2020762041390192 0.9003666021301727 0.3853637106544061
-0.7737511815873819 0.5683201304375542 0.2798594974832403
0.3576829773506956 0.9161761867369428 -0.18078739604766794
0.9672080043343199 -0.19900428517368465 -0.15781625655848477
-0.328880641362071 0.8323886373171328 0.44605681275214215
0.7421923863371537 0.6166155782033145 -0.26255607092610445
0.7129636261936833 0.37776616462442586 0.5907415615899269
0.6848857338861886 -0.6704446978949204 -0.2853689516814428
-0.9949568253347421 0.09922109688562951 -0.014699988184493395
-0.5287379548809946 0.8402564909852763 -0.1200216831467279
0.35525109067379707 -0.36632508586266244 -0.8600015081630908

