-0.4855103736495026 0.5095469187613071 0.710381316378449
0.790032836599168 -0.5625727093724746 0.24363920818371024
-0.2573950282406715 0.20343052475216733 0.9446501050844391
0.9608136841016369 0.25596564272069683 0.10638916387311474
0.8165956658199804 -0.4372495620207452 -0.3768080931677145
0.8347749324971865 0.17647078159180907 -0.5215447011701814
0.39608198002600215 -0.9078264551766749 0.1377323214791435
0.09776123084510129 0.5299124788856467 0.8423986624306332
-0.8012719165048745 0.5283877501573018 -0.28065940444658183
-0.9020082816652797 -0.3556710698044551 -0.2447021657268364
0.25626016474867314 -0.24903414415393482 0.9339768321583252
0.29432593532599655 -0.7538223229510002 -0.5874726795479391
-0.7972329508215098 0.21088643447396146 0.5656381651544452
-0.02505146170441094 0.9087762989796204 -0.4165309864576417
-0.5408459874571863 -0.5456560388049769 -0.640113353373543
-0.12703827014751926 -0.8486888646239056 -0.5134086958567337
-0.15519526965102068 0.5414716830781691 -0.8262704428348152
0.018905713050946474 -0.9616097247560779 0.2737687185720372
-0.11225285064436102 0.11584467884183744 -0.9869039000359895
-0.7109940623195605 -0.6967704249397808 -0.0948599930190067
-0.28036345422552106 0.9546458474810312 -0.10023791409420722
-0.9163470957768702 -0.19184744536674733 0.3514293069275076
0.48990931362603607 0.24730894597907255 -0.8359588205534928
0.9367030719583842 -0.14264629107156526 0.3197489493763073
0.45908947298004305 0.8243586219698493 0.33116418614167414
-0.5902000911906455 -0.030271279397842184 -0.806689222688745
0.5586351457664014 0.6167873239256328 -0.5545269794691758
0.7023949811339735 -0.13597703864651356 0.6986784206190495
-0.4408621148291195 -0.843247540981599 0.3075291536373136
-0.5645184111334333 -0.13838070424306964 0.8137381299807549
-0.14604777678782493 -0.28374034321274966 0.9477138094007308
-0.275033728197008 -0.6715168528398847 0.6880563673901078
-0.9021325160177736 0.09812265380839556 -0.4201533866970957
-0.5267850142871442 0.5990492037160292 -0.6030237145002547
-0.6968511936629308 -0.4893111959370447 0.5243786488990638
0.44666685612427726 -0.5897085186167342 0.6728540575124081
-0.1421108825107948 -0.38138278085294325 -0.9134285256881782
-0.3038061327018926 -0.9434813809092573 -0.13245647439925712
0.4170098831316295 0.24784410119394315 0.8744575798024232
0.07882112020541618 0.8908150617591036 0.4474771019311352
-0.8299762376181689 0.49972642301043546 0.2478163576812152
0.3728639044759902 0.8881917723141775 -0.26849187014194675
0.9726402357888735 -0.09053676587810168 -0.21394874561188337
-0.311215533137377 0.8163767007072781 0.4864914947625677
0.7875099786867382 0.609522314728567 -0.09116238981478451
0.7509657772523914 0.3970669723949916 0.5276250760045303
0.6125063173670919 -0.762202441622788 -0.20948376827254048
-0.9965649217145617 0.0760122518177265 0.03287087436695048
-0.5991583797073599 0.7963095920617155 0.08306786151668748
0.49887578273086747 -0.2953271898792122 -0.8148035372546638

