-0.5027676261607855 0.47940045891176297 0.7193051606097651
0.7967933336284208 -0.5579760256100649 0.2319119193351313
-0.12251343593146705 0.25555868151112965 0.9589995924506743
0.9415466686037008 0.33044661854440327 0.06553551047975875
0.7328164435835259 -0.27007636061116247 -0.6245308795028651
0.8564253039952963 0.20084033725811584 -0.47560367703226475
0.42631829814098493 -0.9041716654883218 0.026950102008125892
0.14521352927167122 0.6281669909494506 0.764407785411673
-0.8324078401565119 0.49612605917461716 -0.24689293439431453
-0.9020784341145748 -0.3460813948494228 -0.2578413598406489
0.26177632556297825 -0.3295220930311709 0.907131933942964
0.27345505569515044 -0.8087335269256237 -0.5207421770331301
-0.8949508235707723 0.08378680300587343 0.4382268762091748
-0.10167921352562902 0.8594944445967819 -0.5009297727666813
-0.6212673889564279 -0.39783527471724156 -0.6750954936969431
-0.24667591696899296 -0.7823547204817768 -0.5719021623734145
-0.05022589228116786 0.48886402281992664 -0.87091292729921
0.02616342527100658 -0.9430320095995582 0.3316716811075486
0.06487141380730652 0.01954135645696078 -0.9977022777654982
-0.6177374416109385 -0.7571727275038718 -0.21234385782574497
-0.09958568341671752 0.9948876017851469 0.016773534887568838
-0.8725993189024932 -0.4277212378339296 0.2358494675777672
0.5036296078023487 0.1742036545199624 -0.8461739211868575
0.936506175406167 -0.052308739990423785 0.3467275286831546
0.6444257339971169 0.7234473310539495 0.2476679885515984
-0.43942945108023895 0.0815004055359225 -0.8945722114065472
0.38769652484551315 0.6384386488956167 -0.6648966056606485
0.6839770879124867 -0.2162543363893423 0.696713287661115
-0.4789746332253649 -0.840585613307403 0.25298048823425984
-0.6109077951410571 -0.0153309829984015 0.7915533000349346
-0.20762770938906558 -0.24078412738124755 0.9481106150102429
-0.10850176064359468 -0.6891199531000234 0.7164782328701003
-0.8201830067975306 0.09160663404408353 -0.5647194524360526
-0.5130949485614168 0.5651208453750637 -0.6460433452047398
-0.5905223206908524 -0.5061976579628182 0.6285278990139163
0.4390517075405206 -0.6990371035610836 0.5644295580058544
-0.16175851125135132 -0.42147383032596325 -0.892297032600752
-0.09012306930674212 -0.9845104923155752 -0.1503892379769106
0.3802656740999081 0.1815704538384674 0.9068793676086336
0.2245555545168775 0.8932602555796234 0.38943666845514635
-0.7678863831384479 0.5759696039035398 0.28037388960056975
0.34260590648728323 0.9200941267178919 -0.1898630844036478
0.9684768921790566 -0.2017241284110737 -0.14615021495703975
-0.31130894931571257 0.832702121775559 0.45792348101667496
0.7247048191006342 0.6283145328631609 -0.2828847344153886
0.69602205249413 0.38990421350968874 0.6029328376604228
0.7043517652017639 -0.6453541481854754 -0.2956460963330288
-0.9957652615864996 0.08860603324002607 -0.02450540126253191
-0.5247310919117811 0.8425858608273394 -0.12126973371341035
0.3366341588953825 -0.41963268860719727 -0.8429625434840466

