-0.48856491801580787 0.4598390924027326 0.7415202829204594
0.7879401243911756 -0.5808515249297654 0.20435720286103165
-0.10709845647750914 0.23040880339018777 0.9671823529926696
0.941247680115667 0.3229188415084357 0.09887480202622448
0.755298549734112 -0.34886016625597216 -0.554815902051665
0.8259356484029373 0.18911337964771055 -0.5310992697560791
0.39747274953439926 -0.9137694586332429 0.08390941452945051
0.12015244447824816 0.6471354170742181 0.7528473564103678
-0.808943186438519 0.5119073001378444 -0.289070643926841
-0.9026456550332254 -0.3328714276518729 -0.27281391845476527
0.29399630013832984 -0.2814242549834852 0.9134366777242764
0.2697772783272224 -0.7560049734113903 -0.5963863682845204
-0.8707465173635471 0.09620992525264423 0.48222832017845507
-0.09566538687819424 0.8532436016259531 -0.5126631350485592
-0.5930303191937918 -0.4398160968766375 -0.6744455807884794
-0.24038260253117155 -0.7964279979388647 -0.5549041795656547
-0.018224367229610985 0.5043720448842571 -0.8632941056084847
0.001378337239609082 -0.9379657724845435 0.346725121434729
-0.017192310068466173 0.03704384026978684 -0.9991657411924092
-0.6300783064677172 -0.7495570158379444 -0.20289309433021374
-0.10694067524170177 0.9934283414458361 -0.040789979051525364
-0.8990792678358737 -0.37860925700741765 0.21979877309939724
0.4606083493057137 0.2053119578315164 -0.8635316719850262
0.9436003443651501 -0.12329898751741838 0.3072714594477494
0.6030529772356492 0.7414950075441139 0.2941296660222729
-0.4835201580678461 0.03250368863260166 -0.8747295393247676
0.4289147638200035 0.6545970608997981 -0.6225229419375456
0.7006208877365221 -0.18174359213923594 0.6899997379590915
-0.4842014009633934 -0.8432102024877183 0.23354990414407853
-0.5792570163058978 -0.06424518708886831 0.8126092941852839
-0.17492296877577354 -0.27599815169545144 0.9451068591727416
-0.11909747949383975 -0.6876782631342377 0.7161804219544768
-0.8336151240699702 0.08549315165961927 -0.5456892393488381
-0.4911710092817328 0.5468781589788073 -0.6779935979587968
-0.6164825568667615 -0.5219551888355803 0.5895015164752622
0.44106602078236407 -0.6714349083708772 0.5955131645330799
-0.09959291689603497 -0.4428283765291404 -0.8910579553792812
-0.06280121101256482 -0.9849860173300593 -0.16080595001312517
0.3909900442034183 0.24382122839932924 0.8875122500087822
0.15966752388600058 0.9163861853855884 0.3670730731755785
-0.7816745619454524 0.5563482160603358 0.28188923656973325
0.3722613080296742 0.9121984170031334 -0.17121789205866766
0.9718239204318678 -0.15866324668104742 -0.17431076222959865
-0.34659033413785584 0.8237764958146676 0.4486283820998362
0.7645147684179532 0.5995648674886584 -0.23672587214782978
0.7261164587422249 0.3738598443013424 0.5770474028731323
0.6356910669821165 -0.7215760242581011 -0.27427159636938486
-0.9923067634326769 0.12360700151769916 -0.006971113366549615
-0.5394791859109328 0.8367360473961925 -0.0939946538728326
0.4017403412653146 -0.3000509215584287 -0.8652017930355704

