-0.7074495651424146 0.4544950479499526 0.5412479692052237
0.9375902651105291 -0.2805733768396157 0.20543387008666014
-0.5304854228874695 0.1439480405081746 0.8353826534814807
0.9945944062228452 -0.04942678305241889 0.09131790748432009
0.9242166108691126 -0.3605335074414904 -0.12585406709974853
0.9047296082316154 0.23495263195427823 -0.35533307857111346
0.44982598659332557 -0.8870591405252479 0.10383960225246407
-0.058623264870780546 0.5119553367670034 0.8570093616592962
-0.8894600996749735 0.4566900042429172 -0.017174723019327674
-0.9083128009092151 -0.4154342474343806 -0.048808214094417025
0.20972038155484954 -0.18568861688445643 0.9599672385659971
0.285187887121978 -0.8342448267924839 -0.4719146511911666
-0.8281081957510428 0.28425589731730055 0.4831515300299576
-0.18296091410748228 0.9460169693801331 -0.267539151441023
-0.5418078723343652 -0.536329065588598 -0.6471440047480697
-0.24078612923338283 -0.9016526883881313 -0.35922760123807357
-0.4873416006097867 0.5908372889973018 -0.6429692545102059
-0.2208720455604354 -0.9542417379317932 0.20158929802660652
-0.4335024965025229 0.07814898941843285 -0.8977573842519804
-0.7471594094098009 -0.6645165566037657 0.013059974344222671
-0.5201874842042716 0.8536664872988373 0.025661444622129218
-0.8547842574502585 0.17558683163491384 0.48837806847935195
0.8086174953419337 0.35823637205312747 -0.4666952409926107
0.9253569933765777 -0.03983267617902549 0.3769983988261454
0.21828847046163063 0.8365605155052512 0.5025103457254488
-0.5162474041852376 0.005009733095897049 -0.856424847985106
0.7270253098410641 0.5769277194016637 -0.37227490573029504
0.8576351571287402 -0.06985062317194762 0.5094927160414089
-0.5390182129796671 -0.7258405407264525 0.4273346177343196
-0.6187905695948238 -0.04691123504340812 0.784154045457406
-0.39656132677562067 -0.10355668383018655 0.9121486322634345
-0.5954196432365049 -0.5428714275241707 0.5922550646689164
-0.9470572643969595 0.32068449520050774 -0.015620258990915799
-0.5466018659269499 0.6123781959186652 -0.5711561479390531
-0.6724409293683022 -0.3436725125309464 0.6555245232948654
0.5447572753914658 -0.3570118455099434 0.7588030397103396
-0.4113560593240722 -0.39363743976830473 -0.8220923053222337
-0.39314708606143856 -0.9191325289318287 0.025114995137975635
0.30279420320393663 0.23400740437078835 0.9238810557673208
-0.19205220837397988 0.7709300680845913 0.6072748795905893
-0.7643399678050256 0.4406073172515738 0.47079677738933534
0.5816061017844495 0.7327735397656167 -0.35323827905036675
0.99796007112247 -0.054182516373771625 -0.03376316579707376
-0.43100244012485484 0.667772995766214 0.606890536037461
0.8268476535180684 0.47301042289055534 -0.30427635088610205
0.8994507748869545 -0.001846449007095744 0.4370181851837763
0.7997266548099236 -0.5905255242874017 -0.10824455067863024
-0.9339692799012198 0.22498699756689516 0.277636876381058
-0.7667178199892486 0.5718650780548015 0.29174323816038994
0.6795954867733147 -0.29978615349263993 -0.6695358366296973

