-0.5162072574241312 0.4778077063530343 0.7107952329133259
0.8106099593732579 -0.5361115962712553 0.2355755719686823
-0.12908716889715618 0.27676050706421634 0.9522290294649051
0.9381184489141328 0.3420978437918577 0.05387802037847428
0.7133754050806017 -0.26619392350039184 -0.6482563740662756
0.8683699065611992 0.18303883059028533 -0.460901824551645
0.44093144323869204 -0.8971111214755381 0.027768652980413523
0.17287197138466148 0.6168093072414875 0.7678942375157254
-0.8348156812447663 0.4958415235549412 -0.23921530441539796
-0.9012518637936041 -0.3500706987264308 -0.2553342591618748
0.25524998522787445 -0.37637848493637804 0.8906102857693519
0.283265628489504 -0.8291842872524333 -0.4818858801522625
-0.8977070912290718 0.09278428825923682 0.43071226382501104
-0.11408586247706486 0.8600247604114913 -0.49733472376461
-0.6254441590818205 -0.40303314348728103 -0.6681196667672606
-0.22714343798883263 -0.7746104149727124 -0.5902411063238612
-0.06964664377771866 0.47067364598474887 -0.8795542416394359
0.02883606244534261 -0.9453830672760521 0.3246834421561591
0.1120748760031081 0.0070378955549658785 -0.9936748412811132
-0.6114949011243561 -0.7603117806104204 -0.2190889822969795
-0.10088621014928816 0.9943628343973578 0.03262707726668712
-0.8732002704433239 -0.4262261293253283 0.23633149256511454
0.5210435913965714 0.19361833009972607 -0.8312794464642779
0.9296994528171921 -0.011183800788327411 0.36814922250541376
0.6566933418006654 0.7198824234589896 0.22477355544967212
-0.4300721451822993 0.08219473033501157 -0.8990450357148133
0.35214656937689515 0.6466990721854388 -0.6765893168758846
0.6821303275799953 -0.22596991355689033 0.6954392959581014
-0.4868767457954398 -0.8344517459720416 0.2581497976909031
-0.6118434343284855 -0.014118202065900993 0.7908528865974699
-0.19562297134735018 -0.22298451272093142 0.9549919162840294
-0.13083491469889091 -0.6932419310636725 0.7087297440568193
-0.8163303155642083 0.09172178768175245 -0.5702560210601059
-0.521216653738254 0.5654699250455393 -0.6392002532343752
-0.595828414942628 -0.49190557172473176 0.6348365210454741
0.4433058557703364 -0.711452675828947 0.5452659977438178
-0.17810499935217175 -0.39279114157893624 -0.9022160097797418
-0.11054696737191175 -0.982917666520381 -0.1471469634311318
0.3677045770366277 0.13777667262422344 0.9196797989011787
0.2439006699946829 0.8889779479409281 0.3875960155250324
-0.7577920794618414 0.5899015630387393 0.2788679082098737
0.33530422319163117 0.9222757503942143 -0.1922979930853315
0.971535937468691 -0.1967259272051152 -0.13197284482846955
-0.2834546329015981 0.8291332825552865 0.4818625020124681
0.7098789518115577 0.6269551597877814 -0.32093473073259227
0.6748704888754198 0.4020194606771602 0.6188135231892541
0.7216975711509312 -0.6243646770923521 -0.29886680276372185
-0.9958931496183085 0.08482591472157125 -0.0316448848153067
-0.5209747026811706 0.8456961341178989 -0.11568667989144882
0.3153775026614451 -0.46707905327718346 -0.8260594341841998

