-0.47305990842229867 0.5128755563449681 0.7163609332922376
0.7822242053848524 -0.5758914664974241 0.2376432438035691
-0.2142461744663686 0.20006224121910088 0.9560720037554266
0.9568157894801418 0.2727165550884213 0.10064405388395802
0.7964998660523428 -0.4322572438841635 -0.4227784744854766
0.8184378952455051 0.17774814252542692 -0.5464110261102609
0.3997778456957736 -0.9068653064210327 0.13331537833548282
0.11331557503304494 0.5550113720353391 0.8240885616038975
-0.7928759520504103 0.5300782872718502 -0.30060727539947746
-0.8925870062331754 -0.35434660689139996 -0.27879547788342807
0.28158834502811286 -0.24739848326229408 0.9270933040551231
0.3011119448866569 -0.7315861688071221 -0.6116479986533855
-0.7961551638887985 0.1976521155403623 0.5719008622441651
-0.016534213516071507 0.881152233975752 -0.47254350100593534
-0.5346787126957047 -0.5376969374344395 -0.651920760264381
-0.11890668557817426 -0.8325598415252327 -0.541022467559613
-0.10250918932968232 0.5358456476497291 -0.8380699899160056
0.027749011644614678 -0.9574715099143603 0.2871903550871135
-0.08068691251079885 0.09965645984959791 -0.9917450338467646
-0.7033228443328562 -0.7025240796482741 -0.10861350815569132
-0.23135584420104252 0.9670827561267293 -0.10595006444713463
-0.9219519228881917 -0.21826426236484664 0.3199458761370354
0.4404102985203732 0.22746869473373257 -0.8685025975052277
0.9390464903234914 -0.14915156636698798 0.30975070502164626
0.4961551013523699 0.8122614757058053 0.3066943274438689
-0.5670229015647678 -0.02450478753928782 -0.8233374426617109
0.5335616217843873 0.6096884458215679 -0.5861672071947521
0.7026016795064131 -0.1405583530614099 0.6975630647758179
-0.43891545855916597 -0.8501889184694229 0.2907439133491707
-0.5623278625082082 -0.14707708811471012 0.8137295037041778
-0.13572855617191076 -0.3010046953092177 0.9439141552287971
-0.21374092818131643 -0.6881906367081904 0.6933314237558866
-0.8750435915018315 0.08819024995379329 -0.4759424259137478
-0.5050026124318506 0.5872488536314084 -0.6325433940415494
-0.6851226917517065 -0.5192037437049264 0.5109152275766355
0.4307717425201293 -0.6271566007633997 0.6489301225594858
-0.10607928625413872 -0.3834185401206137 -0.9174624832218427
-0.26945663413408116 -0.9504667143353784 -0.15493917277964875
0.4275087976443378 0.2467327867462332 0.8696891168004406
0.10710064708905115 0.9024140669872245 0.4173467420463272
-0.8357372862422335 0.4966641797715014 0.23423893979517751
0.3729650567552461 0.8974921514184893 -0.235382464473817
0.9729037339851837 -0.09584489209493968 -0.21040931789489783
-0.3041404283089793 0.8305475948767849 0.46657185139313573
0.7745009935637138 0.6242218893819638 -0.10244629707915978
0.7413203822327874 0.41826920443810867 0.5248761411084958
0.5913377623175817 -0.7732066184625677 -0.2290658770374066
-0.9967398678192088 0.08067609333823438 0.0010019298511626479
-0.5864946244812179 0.807812407059571 0.05884870818681574
0.47251842876476996 -0.2867422994516915 -0.8333697787794021

