-0.4940489366665532 0.46527822848378064 0.7344602223930462
0.7891889074077257 -0.5757448067376643 0.21377274367704077
-0.10988787015645307 0.2376534886887934 0.9651142291493398
0.9416892119244237 0.3241734821635726 0.09018304500903583
0.7483124705047856 -0.3277599129204379 -0.5767164693065486
0.8334780587779655 0.19194095021794388 -0.5181437996976774
0.40404852673868985 -0.9118658064332923 0.07242609404113705
0.1220226914849676 0.6437022374650021 0.7554852031941555
-0.8172329996638997 0.5053137572129208 -0.2771068945943164
-0.9036337957982874 -0.3357195873751933 -0.26596676811926967
0.28461471501009383 -0.29019038102215183 0.913665150239376
0.26931521224619204 -0.7689717746136516 -0.5797859314439425
-0.8795951282024195 0.08759205201355684 0.4675896094510909
-0.10133815635168861 0.8553459881830151 -0.5080490316558652
-0.600936235211226 -0.42107287536077587 -0.6793918419038946
-0.25078891001693704 -0.7939429307183612 -0.553858777464848
-0.022256046670257358 0.5015398023684807 -0.8648482497102002
-0.0005891092038828363 -0.939412442337904 0.34278844223672406
-1.9097789817768903e-05 0.03175773443492598 -0.9994955957575976
-0.6252771086140214 -0.7518448855502294 -0.20918366455163673
-0.10105542524275606 0.9945705571935025 -0.024843667056444634
-0.8884598105888822 -0.40010244782698684 0.22484927442893962
0.4731575678940623 0.19948283268115558 -0.8580958660954368
0.9429466846036546 -0.10722739956081777 0.3152044333101944
0.6139247759588894 0.7356638987535866 0.2861730202770697
-0.4710480679054078 0.051213191336130705 -0.880619626601492
0.4158688632501542 0.6560805001162378 -0.6297709630859873
0.6949874515807021 -0.19108522630459576 0.6931658376128204
-0.48518443695634317 -0.842300490114775 0.2347891532583356
-0.5890559296173584 -0.046379546433129894 0.8067602180668597
-0.18742660505364084 -0.26500349393075495 0.9458564457266013
-0.10878889863200059 -0.6858945292890338 0.7195232242435342
-0.8317978486930764 0.08333197367112113 -0.5487878652755049
-0.4971843501296208 0.5501012267844984 -0.6709667370864049
-0.603543470795082 -0.519935070085126 0.6044855678642798
0.43938498365321477 -0.6786597404815715 0.5885250995408353
-0.11321898998023086 -0.448420056968546 -0.8866233207039966
-0.05721146725249262 -0.9852058034702091 -0.16154371799434564
0.3896507032367763 0.23319540480786902 0.8909501852761352
0.17594334723892996 0.9101214126741407 0.37513058093734186
-0.7774926681211969 0.5623998414338828 0.28144549982709915
0.3698014771460644 0.9127081945593425 -0.17381202226777803
0.9696222720046196 -0.17704655942202635 -0.16878141316336506
-0.34102783155108835 0.8276949437828077 0.4456692699120476
0.758131902986426 0.6033847326133932 -0.2473113060966781
0.722616135866576 0.3729105081697525 0.5820340824056915
0.6568682030458989 -0.7010969506295357 -0.27746572697401445
-0.9933604339040009 0.11478793638647679 -0.007666682084808652
-0.5341429266052877 0.8384265480350375 -0.10831554601066824
0.3818061356406478 -0.3209038052308447 -0.8667438044633025

