-0.5084260951639844 0.47893820858465525 0.715626367676614
0.8048822672201572 -0.5460072100305364 0.23246647609754204
-0.1253704495456592 0.2654923990118738 0.9559267945024029
0.9393729589812022 0.3375067993083598 0.06056074929793278
0.7235855180877345 -0.2663714018676368 -0.6367654782420094
0.8631659328636414 0.1941516405045259 -0.4661005394043663
0.43454783643035766 -0.9003000230417779 0.025060853231069942
0.16052579330853814 0.6215219325817529 0.7667737325981553
-0.8342662476006666 0.4960518148889049 -0.24069155585463967
-0.9013493773838276 -0.3485447282472127 -0.25707172598491457
0.25731661216059687 -0.3556306821865355 0.8985070834410447
0.27638387920739843 -0.8223271601775862 -0.49738314501854275
-0.897344549807363 0.08852168839487409 0.4323617346791251
-0.10730902194195821 0.8595305836902911 -0.4996918545572741
-0.6244322698304797 -0.3993312810044092 -0.671281512039273
-0.23709461845575308 -0.7772984365745089 -0.582746327657365
-0.06198352903103606 0.47976577682250765 -0.8752044569806272
0.031145311207019896 -0.9442412038452643 0.32777815447443137
0.0912455556745051 0.012849911428709157 -0.9957455138467484
-0.6145609437698325 -0.7590250920783174 -0.21493197991047025
-0.10043711474718633 0.9945966549594091 0.026265565381592446
-0.872388290635261 -0.4282278533361669 0.23571078886972022
0.513987084665906 0.17971909345898815 -0.8387599920376043
0.9328454332106486 -0.029317019080928004 0.3590820381615403
0.6512633862685843 0.7219727340944238 0.23369076346787765
-0.43279199415365777 0.08299208711237754 -0.8976655297343392
0.3703541549894613 0.6394558637964871 -0.6737462416506163
0.6829063236419644 -0.22238570707968983 0.6958329903191449
-0.4816719521384744 -0.8374879168136137 0.25808161444454913
-0.6131311743818785 -0.01289996156796837 0.7898757839006356
-0.20348103034999648 -0.23152949345020352 0.9513093944403135
-0.12027371165268695 -0.6919548401564345 0.7118516232118667
-0.817224685522551 0.09323504615700472 -0.5687275617909414
-0.5182414038056783 0.5663735942158713 -0.640817289994984
-0.5937882330569462 -0.4974499953246114 0.6324231466626232
0.44250639803174896 -0.7054971560535239 0.5535899660410739
-0.17177183127201603 -0.4049242624128166 -0.8980705872540835
-0.10438247236770379 -0.9835937064403436 -0.14713164212144472
0.37422240443510607 0.1557850582179585 0.9141600558189115
0.23584741075136 0.890524131646712 0.3890279807375671
-0.7621563206420218 0.5834229242246267 0.2805983506626536
0.3364086009169639 0.9217130270273495 -0.19306565991178135
0.9703172713247847 -0.19819465590920235 -0.13857586852643963
-0.2960923088536159 0.8307619353222063 0.47134271125947974
0.7151761337870525 0.6297611849445177 -0.3031896231711787
0.6828527467309519 0.3984322911555065 0.6123429069129226
0.7141774385196509 -0.6330440461010945 -0.2986734370603883
-0.9959112939603265 0.08524795300697535 -0.029891153714583393
-0.522419828031116 0.8444591137595967 -0.1181792218128717
0.32521847109032354 -0.44897548739618015 -0.832258347977979

