-0.46671238754655725 0.4783517510092945 0.7438811394416005
0.7831616412466551 -0.5872591252393372 0.20441272832916801
-0.12471482838884265 0.20832828226459124 0.9700750168871612
0.9458823563744689 0.3083336728777312 0.10117763621082528
0.7711569897247981 -0.39259301970336247 -0.5011862109822884
0.8127104857845268 0.18315297846925535 -0.5531334854930762
0.3948189492905416 -0.9130047936192887 0.10266569100392313
0.12330257668991247 0.6348207620416826 0.7627575464473922
-0.7880625692324649 0.5315210910573411 -0.31055227697754906
-0.8925233044434563 -0.3359119735266267 -0.3009406869580451
0.30851339191568977 -0.2552637603576938 0.9163295802585039
0.2963160671639005 -0.7174978246524147 -0.6303916718672381
-0.8266227266971602 0.1424966461683339 0.5444167278276163
-0.04879218404660891 0.8481183690564723 -0.5275552623611588
-0.561081704397047 -0.5048884812728651 -0.6559534605967747
-0.17262739982669703 -0.8017193172486992 -0.5722289027822287
-0.025090835721291206 0.5098999513669736 -0.8598677163138322
0.018066199447049746 -0.944751778046853 0.3272883901314698
-0.060205237941327885 0.05647221426498092 -0.9965872858613227
-0.6682317132367324 -0.7273794513507974 -0.15615860904002138
-0.13986027304534207 0.98644606942729 -0.08580941752006344
-0.9252554935528317 -0.29704520623513425 0.23593731604608995
0.4236767498978486 0.2101358840312192 -0.8811021063636233
0.9442352364993616 -0.14800916511723236 0.2941311020519503
0.5738756283261217 0.7619941048109548 0.3000529077457021
-0.5121863325923004 -0.011471274020669081 -0.858797747189635
0.4763281287068436 0.6306955316898346 -0.6126456235941897
0.7122209768014559 -0.16210552815474702 0.6829810231226416
-0.4658369082793599 -0.8496853055423987 0.24704423982365548
-0.5635297832497779 -0.12481848070189343 0.8166116153139932
-0.1480299659521478 -0.30328879432724704 0.9413304607924523
-0.13419708241791586 -0.700370491330165 0.7010508668737684
-0.8324491844776362 0.09508857587361884 -0.5458814138627965
-0.48100777318752896 0.5602608675574575 -0.6743435937390817
-0.6496420363267201 -0.5313298587436215 0.5437405685110828
0.4322691817283284 -0.6583859942979162 0.6161746806225208
-0.08157104615321273 -0.4162544214436496 -0.9055818135641215
-0.1354830711266292 -0.9770409121487311 -0.16442443074455876
0.4028327143489661 0.25266336278539336 0.879708491124316
0.1329626978681627 0.9238890390664828 0.35881745284814504
-0.8147991211140119 0.5184089336869316 0.2595275894879243
0.36014270774904045 0.9164192754459357 -0.17456500693534044
0.9738819187264776 -0.12594624293067547 -0.18892207988819618
-0.3414551161949621 0.8255279570171788 0.44934618703993445
0.767689349069497 0.6093283020265221 -0.19842399974480723
0.7319638702709762 0.39433861815442567 0.55563112480313
0.5854237321324395 -0.7661741078538431 -0.2650590317466911
-0.9926618391292545 0.11724596875539116 -0.029594863526224095
-0.5600513493274928 0.8278811553702138 -0.030907583201125344
0.44442024686528003 -0.2688596625960822 -0.8545204070149082

