-0.46451513103949094 0.5070538095949795 0.7260317673563482
0.7811869714127349 -0.5828123983151858 0.22377806877596346
-0.1691453419907024 0.19829918495098783 0.9654363192518822
0.9532158693905771 0.2864408610507355 0.09659782328023614
0.7804514559696175 -0.41726623292529247 -0.46560113373491696
0.8087172997473694 0.1791611562690682 -0.5602478105032217
0.4021752842863004 -0.907664539711231 0.12000051691568943
0.12254154257571549 0.5911075724868119 0.7972298339198757
-0.7852557472152479 0.5345640840776692 -0.31243343527802075
-0.8857598170049898 -0.3499212951857916 -0.30493381864723534
0.3024065613439434 -0.24569171774541992 0.9209700600385644
0.30749083421756923 -0.7134028158238263 -0.6296870724787186
-0.7996247271811319 0.1794517519147638 0.5730596517075882
-0.018298614784110608 0.8548931512558351 -0.5184813021053418
-0.5365593584020767 -0.5281820333393896 -0.6581244521886569
-0.12584285385180763 -0.814792833112893 -0.5659295143763914
-0.056073861505540244 0.5240400160200543 -0.8498457410998532
0.0283114592802671 -0.9534561642724944 0.3001996070687033
-0.07028663875012527 0.0793840132341294 -0.994363096085154
-0.6932104476368778 -0.7100302831525088 -0.12375892813630768
-0.17798077988534702 0.9784232044757583 -0.1049327162270765
-0.9272501284685538 -0.24720491958689406 0.281241758967419
0.41369201719697213 0.21291766916728563 -0.8851694646020447
0.9421387056598117 -0.15303590784381244 0.2982526952234881
0.5338089676854003 0.7916975136219256 0.2970909506254076
-0.5348421099238859 -0.018177506666143317 -0.8447564712410127
0.5095452265296256 0.6109914952139326 -0.6058490363920005
0.7098673757824242 -0.14970374482990678 0.6882420341592606
-0.4443266146997247 -0.8542261022831454 0.26994744978907953
-0.562901475797997 -0.1502355476566506 0.8127553191242388
-0.13546612847860154 -0.30859746506422886 0.9414969636652852
-0.16120984329574967 -0.7013244131896823 0.6943741454638902
-0.8479339178191598 0.08812100589596449 -0.5227262757234744
-0.4881846290403945 0.5742682337141686 -0.6571847257168274
-0.6701054219265296 -0.5350199071892615 0.5145021111869823
0.421345083318674 -0.6509391108726373 0.6314638506672572
-0.08478831211844061 -0.39505499842583713 -0.9147362955228506
-0.21950103564765092 -0.9608378243503843 -0.16914482152057936
0.42590521422124533 0.2475695099389897 0.8702379480623236
0.12421647522024974 0.9149359283882028 0.3840084819743889
-0.8358363934438283 0.4962686756121286 0.23472308152586474
0.36082118198838253 0.9104951458400452 -0.2020065940265848
0.9731456084324864 -0.10736209065081857 -0.20361975905999757
-0.31216633957452006 0.835638159190973 0.45195247907337316
0.7693826950022504 0.6225777981470688 -0.1429935449082295
0.7355014790711976 0.421350859392264 0.5305667041696845
0.5767912293945896 -0.7779518510482584 -0.24920432408781795
-0.9953290204993434 0.09232826476596817 -0.028206957955853724
-0.5751422395810984 0.8177473667146158 0.02237517555126495
0.4574575377466348 -0.27410187404789993 -0.8459318907584792

