-0.5179336191293745 0.4781603698712732 0.7093006604114471
0.8116851768168888 -0.5339073324430504 0.23687577778084914
-0.13044129955723927 0.2806085579911147 0.9509174015402001
0.9379633812100658 0.3428443093867084 0.05179261559461703
0.7103350983896048 -0.26617718134085017 -0.6515932443858441
0.869964972963945 0.17878940817887462 -0.4595598909161788
0.4424238021240475 -0.8963849621386575 0.02748051975089896
0.1750911600476393 0.6161493422762957 0.7679212678951277
-0.8348960916494065 0.49554880989130345 -0.23954100518253438
-0.901318462798917 -0.35066668910022236 -0.2542791807704389
0.2548855785021443 -0.38196264468348345 0.8883343289201574
0.28334025039011285 -0.8297105215021461 -0.48093528984417977
-0.8974773553530819 0.09348155664259943 0.4310401317697858
-0.11633514914484289 0.860196811530844 -0.49651543632158773
-0.6258607078738395 -0.4042985519225153 -0.6669640584416928
-0.22522893305031794 -0.7738775115739214 -0.5919337165571589
-0.07120912996917202 0.46779437978734534 -0.8809640617235226
0.02793626719132908 -0.9456853283836079 0.32388088034862833
0.11813073112094254 0.005564708752980289 -0.9929824592515853
-0.6104160915764215 -0.7609045418364585 -0.22003743626304845
-0.09984380593275928 0.9944384523894316 0.03351684391725592
-0.8733386012417975 -0.4256248642506768 0.23690327670299077
0.5229175299448156 0.19929621831259586 -0.8287570658779996
0.9287464122951485 -0.006596408454220876 0.3706569695073803
0.6584073354946978 0.7189063934000842 0.22287525231675187
-0.4297373645261109 0.08194526561172778 -0.8992278748871032
0.3464202646941944 0.649920379396588 -0.6764587944983786
0.6817367027416069 -0.2266180533825312 0.6956143515024069
-0.48827137725623065 -0.8337251629732997 0.257863170649569
-0.6107856669141515 -0.014407950158237391 0.7916648786351919
-0.19274722358379542 -0.2203389600987151 0.9561899656780317
-0.13369127892525565 -0.6934281030121022 0.7080142003465517
-0.8163965879157427 0.09069035982921209 -0.5703261083569483
-0.5218054570377467 0.5648293784569074 -0.6392861943117589
-0.5961017527325214 -0.49053104393086 0.6356429778809145
0.44326695773776453 -0.7133186994131256 0.5428543425684959
-0.18011415475148196 -0.38921375182780765 -0.9033667841172163
-0.11085750783207834 -0.9828477005425246 -0.14738049564149525
0.3653831460140209 0.13359475275947724 0.9212207111458313
0.24588574445325953 0.8883582548487203 0.3877625713201344
-0.7574721589311517 0.5907345545138878 0.2779723269454328
0.3362107801701676 0.9221316540970531 -0.19140408514344703
0.9717918678522628 -0.19701566534979623 -0.1296356169537811
-0.28335675613732914 0.829680438851412 0.4809774611545315
0.7090123349843543 0.6253934170934685 -0.3258597592465031
0.6728064778483741 0.4025572779231452 0.6207085317251351
0.7233316899440088 -0.6224036375153523 -0.2990066526524155
-0.9958930245190758 0.08485823921762509 -0.03156204922263298
-0.520670090140899 0.8459163586612249 -0.11544769976921239
0.31266009375546955 -0.4704664692419508 -0.825169659580279

