-0.46725571126502674 0.5112882053625593 0.7212880640544022
0.7810174998313913 -0.580496754572076 0.2302936883381947
-0.1874950400226381 0.19827497725527635 0.9620460713299176
0.9548511549395452 0.28065844149325625 0.09741720140300039
0.7859860652743765 -0.42443452496346945 -0.4495344694387047
0.8112559318646759 0.17834853830949102 -0.5568263750014399
0.40183817051672305 -0.9069749634992736 0.1261843900855586
0.11985055415427412 0.5752090217478748 0.8091788590718162
-0.7878229768753222 0.5326733898955774 -0.3091828210047573
-0.8876453628679523 -0.35249290929612115 -0.2963687882942097
0.2952354706072548 -0.24592492352118536 0.9232317958597461
0.3055270793295167 -0.7193865576432912 -0.6238078105302232
-0.7970681621174283 0.1878243958175227 0.5739375761130542
-0.015412608320556544 0.8638511366344435 -0.5035113357613087
-0.5338358121302379 -0.5323118996814558 -0.6570109338091482
-0.12021485340348774 -0.8219138730162844 -0.5567818013948996
-0.0733646184324796 0.5297655762310716 -0.844965127684461
0.029093739931426773 -0.9550947340655812 0.29486878989984566
-0.07193765049340635 0.08809300125122141 -0.9935112468271514
-0.6978112834494955 -0.7066292918928204 -0.11719409767398273
-0.19855764458309075 0.9742939534457106 -0.10642440536240946
-0.9252550387679224 -0.23478712099076596 0.29795657578150203
0.4205377195594124 0.21757122220224767 -0.8808012203086397
0.940856167757097 -0.15208790348665083 0.3027522769633032
0.518070462579858 0.8014626119399391 0.2987652547815808
-0.5477312138528893 -0.020572140633824412 -0.8364014014819576
0.518875999109456 0.6088091227573798 -0.6000992831153473
0.706514150634219 -0.14557464665489986 0.6925646375645447
-0.4406850361325768 -0.8532914703464554 0.27872991508414374
-0.5624616218167703 -0.1503932655404287 0.8130306203725263
-0.13402118026414683 -0.30689048312316886 0.9422614046054487
-0.1802701876266548 -0.6971021095439475 0.6939389802586602
-0.858301957258457 0.08676855221937167 -0.5057558388314031
-0.49395325031387466 0.5793958739150163 -0.6483136646675073
-0.6765402625797977 -0.531002698462631 0.5102248595804232
0.4233759627707801 -0.6436351292728115 0.6375630278755867
-0.09112314401120657 -0.3888489296187179 -0.9167840981168305
-0.2423019952692008 -0.9560357037304021 -0.16518315979929352
0.4287646639241624 0.2468389572415036 0.8690405008731914
0.11890355698561413 0.9098150086745943 0.39761613916768596
-0.8370812901841477 0.49543276648991597 0.23203725457734375
0.36671660375818005 0.9051164700376061 -0.2151350928945093
0.973045697986053 -0.10171774875782988 -0.20696755595617808
-0.3061549812068118 0.8352171003017209 0.4568167278524746
0.770742487717641 0.6251977223110691 -0.12281622711951853
0.7372548154785796 0.423298107541257 0.5265681809658039
0.581258848306472 -0.7771424377573507 -0.241221439142536
-0.9961017288662142 0.08645134306913631 -0.017535992452150876
-0.5798362369534819 0.8138042295078102 0.038892343087362835
0.46200825101393717 -0.2795483064910429 -0.8416656820454502

