-0.5044060696045896 0.47946642276159834 0.7181131292423542
0.7995715770023881 -0.55402801295444 0.23181512916906258
-0.12351635054572695 0.2587004509130112 0.9580280725768268
0.9407785208975473 0.3329152618170528 0.06405624924319694
0.7298857210929495 -0.26778983195743317 -0.6289319836395943
0.8588920389150281 0.1994099647873029 -0.47174159391759474
0.42925874465529634 -0.9028316276932907 0.025139255630236317
0.15055931225535493 0.6257506446599241 0.7653548354854001
-0.8332495315730232 0.4960499281174412 -0.2441919059838367
-0.9017572065380784 -0.34709529761171287 -0.2576020085955814
0.2598912258936645 -0.33860940174433135 0.9043230748763599
0.2739584417758726 -0.8141704349569437 -0.5119309279793094
-0.896066835637358 0.08528223225188773 0.4356502805381714
-0.10331227793496735 0.859494294568899 -0.5005957758824968
-0.6227852672452624 -0.39790047411314045 -0.673656977699174
-0.24360938065859078 -0.780296935958239 -0.5760131607778781
-0.05461430332133882 0.48587152588401633 -0.8723222674034308
0.02918221485970145 -0.9434224538217861 0.33030663323760523
0.0745738374355508 0.01716568922896998 -0.9970677418728531
-0.6166082235039626 -0.7579312816244731 -0.21291893068107176
-0.09991131607407062 0.994784187781963 0.020546256576994215
-0.8722871180171893 -0.42839218176984256 0.23578660339328095
0.5074553393468955 0.17470864476639472 -0.8437807582614202
0.9352300823600376 -0.044270742044333976 0.35126171787953403
0.647094325265128 0.7228879517733757 0.24228483937416004
-0.4365737311993622 0.0825176247683765 -0.8958762296373604
0.38216143668093433 0.6378048132971516 -0.6686984794725871
0.683494794814879 -0.2186096468626948 0.6964514970617368
-0.47930148887326374 -0.839646333293454 0.2554684280899129
-0.6121879422807535 -0.013917742296451577 0.7905897923546866
-0.20693792752570808 -0.2376025299228186 0.9490636079450318
-0.11238273807972511 -0.6902238637537991 0.7148154573639836
-0.818887672868293 0.09259463931906907 -0.5664355320720296
-0.5150606569239905 0.5658977171019771 -0.6437952263474761
-0.5916538061190454 -0.502957922577222 0.6300627760958841
0.4404825215261457 -0.7012198066630002 0.5605942659120525
-0.16591846795492407 -0.41519978936668955 -0.8944720213071773
-0.09611621883890202 -0.984186239468487 -0.148792199113362
0.37827051616824525 0.17217923978838526 0.9095414921726788
0.22904032456094264 0.8920872555605189 0.38951361746609015
-0.765865066339964 0.5785257447747268 0.28063973844224305
0.3397364086369621 0.9208105478887877 -0.1915387886126719
0.9691557968770617 -0.20043316976100586 -0.14340009009461405
-0.30589572465427917 0.8321504581749859 0.46255099242936953
0.720884451793979 0.6295621876458183 -0.2897879553195853
0.6910044273277153 0.3933667274422374 0.6064449679524769
0.7081538986815417 -0.6404226026788826 -0.2972826025184431
-0.9958473298855856 0.08700487330624744 -0.026800141430852794
-0.5238322201016664 0.8432830817827269 -0.12030564892134592
0.3324769785651243 -0.4313987969874597 -0.8386621111520292

