-0.49998832695071393 0.47770055213474144 0.7223668426798044
0.7920891315917303 -0.564937829751132 0.23117105383317305
-0.11957723653595118 0.24958487406480334 0.9609415565685989
0.9427073348907958 0.3262411770831535 0.0697823410218631
0.7380428332655863 -0.2818144711279792 -0.6130851328552691
0.8502691728007042 0.2001060822961166 -0.48682634441133743
0.41948623510677874 -0.9069943447284601 0.03731698254858819
0.13464184257260575 0.633500155719207 0.7619377447878495
-0.829464154222501 0.4970963181363974 -0.25472429675079866
-0.9029130765957973 -0.3431241878858937 -0.25887017557060865
0.26732799886650416 -0.31181251006895877 0.9117613172242646
0.27332548695993425 -0.7949342263530346 -0.5416389516556369
-0.8914192893013516 0.08176977175890689 0.4457413544736113
-0.10007672030890849 0.8590520633181908 -0.5020101618104673
-0.6158464064869277 -0.40029624520242807 -0.6785986440407727
-0.25201516679380526 -0.7873839353756052 -0.5625965641721564
-0.039829157375674086 0.49433743282457127 -0.8683571504462644
0.015323682923704889 -0.9422583347355225 0.33453611966885405
0.04177180312732585 0.024451721018277094 -0.9988279280250109
-0.6203727398785124 -0.7550937622614352 -0.21206384371103645
-0.09882663749390683 0.9950879804949947 0.0057625338212621245
-0.8747437412740923 -0.42376636206871576 0.23504352252476643
0.49470399635254125 0.17902444545459995 -0.8504223679575331
0.9392742983133464 -0.06979792448736653 0.33599411046211275
0.6366171799504395 0.7256810562043229 0.2609704405830827
-0.44802959984511936 0.07652264640542772 -0.8907377628964274
0.3976822029821949 0.6436872817699774 -0.653846731825438
0.6859556852359143 -0.20977478637913483 0.696749120481767
-0.48062753353499027 -0.84177708441505 0.2457814357549602
-0.6060996373518083 -0.02100337392937448 0.7951113682281176
-0.20573448595875807 -0.24784798980972544 0.9467020097340895
-0.10216385723442861 -0.6869263221777558 0.719510093170572
-0.823948864585756 0.08813486114120764 -0.5597682688394042
-0.508346306718426 0.56181591826057 -0.6526460805327561
-0.5894898579374958 -0.5128909619418944 0.6240549403274919
0.43653125092437434 -0.6938183422893565 0.5727622324047303
-0.14862245161014054 -0.43624321112966014 -0.8874701277342658
-0.0746021331985308 -0.9850400970842161 -0.15534004267588838
0.3842143578165504 0.20173366258911607 0.9009344352537518
0.21152148686281397 0.8971756076421016 0.3877300473878318
-0.7719241871866226 0.5708231301826345 0.27981065613155465
0.351580286403709 0.9178204337650363 -0.1843826281829352
0.9672830862280904 -0.20223521065888123 -0.15318077773277716
-0.32287061971774866 0.8330470615269322 0.44920725306301607
0.735209283860548 0.6220647468303733 -0.26926336489787045
0.707300177953701 0.38175042262766745 0.5949731700591717
0.6933395155520584 -0.6598621649450882 -0.2895897778721104
-0.9953711731083135 0.09433074716999515 -0.01838308688252096
-0.5271201209143119 0.8410404546790046 -0.12163606258266656
0.34735680838872546 -0.3872343612105537 -0.8540449620270893

