-0.5217327534437847 0.48058120001885946 0.7048664016481423
0.8133341886790235 -0.529949474827771 0.24008550904959708
-0.13348528474671012 0.2890472443998462 0.947962746768535
0.9377960613387916 0.3439473544110518 0.047315586555465305
0.7021594234955547 -0.2650177533707741 -0.6608613579221423
0.874772632670834 0.16513643589190086 -0.45552475088743305
0.4460330145784635 -0.894651552102093 0.025556803934851765
0.17662619344935185 0.6160650419796445 0.767637317903586
-0.8341141300552765 0.49533067948818005 -0.24269556238198334
-0.9017561233678674 -0.3519291493198714 -0.2509616859752648
0.2552015623754393 -0.39465780892279684 0.8826762579889594
0.28391338512936853 -0.8316259722716733 -0.4772750066655251
-0.8965137626968323 0.09102228185824053 0.43356431760522807
-0.12297983453158386 0.8607392190286802 -0.4939675668750755
-0.6270918920826223 -0.40685642389187354 -0.6642466478817587
-0.22287648684623754 -0.77142004819546 -0.5960177689072644
-0.07296521702610946 0.46040415376877863 -0.8847056529133223
0.0266909803093659 -0.9463600471236532 0.3220097091366071
0.13398258958598505 0.002477477106487844 -0.9909805890102089
-0.6081526929773837 -0.7623859357070951 -0.22117411028502676
-0.09503076537561722 0.9949384303789927 0.03265996612231604
-0.8728812120713509 -0.42568266989439013 0.23847988209581344
0.5275887966924413 0.21628174203303374 -0.8215060983752817
0.9262330170181808 0.004057246593555688 0.37692961801306807
0.6622943634975755 0.7162486329794288 0.21989559303096717
-0.4292761272692254 0.08168186210746828 -0.8994721118297068
0.3318045009413866 0.6600740766867378 -0.6739495429490163
0.6808179679880574 -0.2272636846284536 0.6963031754298638
-0.4904054380267504 -0.8323637565143681 0.25821131500203665
-0.6059938866160367 -0.013124088138035424 0.7953610297811525
-0.184369176499241 -0.21498565516806692 0.9590563981481739
-0.13980035242307057 -0.6937930118061263 0.7064751363150507
-0.8170454843221031 0.08751851321427745 -0.5698922585836927
-0.5221344959457894 0.563029494958951 -0.6406038994181232
-0.5963378287449729 -0.48636126790912637 0.6386187525320239
0.4434818540762425 -0.7177385491662287 0.5368195415089279
-0.1841967858201132 -0.3801015244061195 -0.9064184327548087
-0.11174763604807797 -0.9826155580204788 -0.14825360357768533
0.36004438992875165 0.1257175456314179 0.9244258412664834
0.24923737649416372 0.8871635703764683 0.38835747650223446
-0.7600976174307912 0.5887243037865818 0.2750550964934829
0.3421969570002834 0.9205573568412367 -0.1883491316285327
0.9721873437965429 -0.19986951377039774 -0.12208171864373298
-0.28388998178271446 0.8315783323488024 0.47737192566320313
0.7090733953983488 0.6190400608203597 -0.337645262128439
0.6670868831498094 0.40443590038212457 0.6256410255182863
0.7261779707489823 -0.6176439015500123 -0.30196285479669405
-0.9958397133738931 0.08588505749000173 -0.0304470387286176
-0.5203994338203473 0.846516422421191 -0.1122246668548846
0.3055292027787439 -0.47835693095146936 -0.8233022244960088

