-0.520617228135772 0.4795627804356672 0.7063832114292056
0.8129804722855335 -0.5309503696450155 0.23906998275863212
-0.13253456219708135 0.286669969866806 0.9488176422262565
0.9378126385049127 0.3437164771179896 0.04864605244058713
0.7049261477191794 -0.2655999885444264 -0.6576745185477374
0.87323795281784 0.16977242335192352 -0.45676339830126833
0.44482944418462933 -0.8952325264444148 0.026181848337047356
0.17660175576183498 0.6159176398845846 0.7677612133605347
-0.8345457563546734 0.4952555387279219 -0.241361413464792
-0.9015522330709782 -0.3517355503430445 -0.2519636356096025
0.25497288524155276 -0.3910770666979328 0.8843345270283971
0.28371137341515223 -0.8309536627933741 -0.4785643811287712
-0.8968186915139545 0.09256805957880747 0.43260535005592926
-0.12064910623179415 0.8605610432466223 -0.4948519819216189
-0.6267393065194606 -0.40610490233542296 -0.6650388334245169
-0.22344949546412937 -0.7722231407373834 -0.594761922021339
-0.07279788984496996 0.46271756181196216 -0.8835117006723299
0.02693992333965256 -0.9461278208462904 0.322670710091734
0.12898742653218823 0.0034676089523528715 -0.9916401663329077
-0.6087385151239815 -0.7619998813313142 -0.22089273653905722
-0.09676370087186349 0.9947478359008721 0.033369584416237504
-0.8731445977032855 -0.4253300276048492 0.23814466006867743
0.5262470799575821 0.2106636224236655 -0.823823311774714
0.9270104428715881 0.0009021916714283423 0.37503443156223715
0.661119886534117 0.7171069505146652 0.22063117901301668
-0.42937896241293777 0.08164190143630175 -0.8994266543565709
0.336346653670559 0.6566565772732424 -0.6750356050523613
0.6810758542786838 -0.22720035714724648 0.6960716043847247
-0.4899205888185922 -0.8327257279112177 0.25796449121221465
-0.6077493979814809 -0.013906185075546322 0.7940071078206996
-0.18697698161774473 -0.2163203715347947 0.9582510658507851
-0.13807705617384558 -0.693639279444725 0.7069648340403981
-0.8168199128469701 0.08852001720485489 -0.5700609059834927
-0.5222391652883743 0.5635556684275881 -0.6400556716583616
-0.5962593298178518 -0.4877912135337984 0.6376006144949912
0.4434647531269568 -0.7164617093816767 0.5385365648903826
-0.18300900321412045 -0.3829934821964271 -0.905441161720423
-0.11134349876323102 -0.9827090273822164 -0.14793780039145132
0.36160689900756976 0.12775400706157777 0.9235363361935682
0.2483231127709677 0.8874678720066872 0.3882478690471585
-0.7588101497169817 0.5899754573362269 0.2759277376912328
0.33993911430517354 0.9212002993041523 -0.189291857002235
0.9720865744720377 -0.1987983375107293 -0.12460703324527707
-0.28366866546049113 0.8308337670006681 0.47879780685310513
0.7087645480714877 0.621311459802856 -0.33410310581415453
0.6688836004678624 0.40377850830513684 0.6241455321125255
0.7253344959231318 -0.6192515194461616 -0.3006949029956384
-0.9958759625572311 0.08530611348788934 -0.030885825265000697
-0.5203203962675943 0.8463445616358337 -0.11387523092131287
0.30789631273336454 -0.47571787566642376 -0.8239492480587767

