-0.5108450406106867 0.4784931769105533 0.7141999888921252
0.8071459927159701 -0.5423105547150853 0.23326939080635445
-0.12641711873595163 0.26913079352845665 0.9547708248921537
0.9388269678496438 0.33939154935730836 0.05845768266951437
0.72026906881193 -0.2662932814807222 -0.6405469200230568
0.8650455448722985 0.19074852712564658 -0.46401638408140805
0.4368953582918985 -0.8991405224519906 0.025860525666640172
0.1650081796493279 0.6197460576863225 0.767259489762803
-0.8345493985243722 0.49602686303944893 -0.2397595724175626
-0.9012575237441963 -0.34909600008685326 -0.2566453946943903
0.2564628946636274 -0.3632325314065024 0.8957058176593347
0.27821923882274907 -0.8253444081636095 -0.4913254146306208
-0.897621973005295 0.09009557673398612 0.43145982504869673
-0.10948746220337822 0.8596390602742103 -0.49903224512163175
-0.6248715981657685 -0.40043045994465426 -0.6702170786799387
-0.23375133715040583 -0.7762121680521468 -0.5855381990512516
-0.0649985596972988 0.4767174604809638 -0.8766502438885518
0.03079207940133634 -0.9446397780354274 0.32666119695997053
0.09862112177770772 0.010858903974297536 -0.9950658061373547
-0.6135640472778642 -0.7594593930597974 -0.21624197136830603
-0.10065163306625949 0.9945096052222918 0.02863378916064901
-0.8726293127691074 -0.42767965757622006 0.2358138948230205
0.5166986588260495 0.18366959037647387 -0.8362344034649017
0.9317315815923045 -0.022605572171403753 0.3624434410639904
0.6530906292294046 0.721418186821198 0.23027902582813625
-0.4315765775604453 0.08280459730253083 -0.8982678088225019
0.36427298754086845 0.6413592246059829 -0.675250720518581
0.6826734121698013 -0.22387162558055745 0.6955850110348549
-0.4833461467499527 -0.836401834841167 0.25847335084356876
-0.6129840990200152 -0.013070465063845398 0.7899871247632048
-0.2010641624640072 -0.22860153858647403 0.9525305974762933
-0.12403296541505615 -0.6925376947428368 0.7106387020495191
-0.8167498623089762 0.09300910763795721 -0.5694461943982586
-0.5194621353554826 0.5662382355547898 -0.6399479279814262
-0.5946317423530121 -0.49526400327800346 0.6333456071082099
0.4430343495909993 -0.7075806491355203 0.5504999455508021
-0.1740342926662085 -0.4005734336505617 -0.8995848982889674
-0.10711723670268185 -0.983340413843117 -0.146858871383478
0.37213369945027147 0.14892545656263814 0.9161537633612956
0.2386593710969128 0.8899588059327562 0.3886065212144141
-0.7605280012393687 0.5857293924550044 0.2802110599978923
0.3356257661877639 0.9219865048546918 -0.19312231858774356
0.9707860075718131 -0.19745687678126053 -0.1363279476650704
-0.29171028021515494 0.8300049538118204 0.47539130099806615
0.7130378638396624 0.6291237911636274 -0.30948386084394724
0.6796929037877303 0.40009196975520417 0.6147714797207205
0.7167898542362864 -0.6299960707866078 -0.29885992648289095
-0.9959154707038506 0.08487604161531336 -0.030796635732549333
-0.5218453990453457 0.8449449012672715 -0.11724117586259916
0.3218789657494768 -0.45583214285942386 -0.8298258786903631

