-0.4787874167894044 0.46130085308226904 0.7469699675821647
0.7856585798031432 -0.585634553478099 0.1994311052825402
-0.10971762604191407 0.2203836237845786 0.9692229366370279
0.9421985057754467 0.3187403053315418 0.10327920154450854
0.7636729892051006 -0.3709057042096343 -0.5284245680731562
0.8189932300726096 0.1862803600793085 -0.5427243467396287
0.3922598001010355 -0.9151955521979693 0.09246269767722357
0.12089735265986609 0.6471842936154916 0.7526860701628888
-0.7983081339817129 0.5212246674894953 -0.3017100747722898
-0.8997364191937013 -0.3311772602000318 -0.2842463690232411
0.3031617618515138 -0.269208141574909 0.9141224877776882
0.27829489412983877 -0.7376168331764525 -0.6152018850068673
-0.8545160952500461 0.11311124664556453 0.5069596520837734
-0.078133167612997 0.8507329255279595 -0.5197583068517506
-0.580733815274693 -0.4697390829534221 -0.6649010676353114
-0.21591043620006264 -0.799062644017954 -0.5611430962552557
-0.01813690500686977 0.5066007533793518 -0.8619899821646682
0.00834678734659463 -0.9385780474425551 0.3449660563010677
-0.03871430210495606 0.045463430203073134 -0.9982155475280359
-0.6432102650840583 -0.7425578544490292 -0.1867843346925805
-0.1194503993600178 0.990934392311525 -0.06148684596660228
-0.9129087795322651 -0.343559063907128 0.2203740680301747
0.44372981646763865 0.20888604749446835 -0.8714760290103994
0.9440625547902899 -0.13763933025356395 0.29966866270963577
0.5908109887293403 0.7491445526563303 0.2995410069122527
-0.4983594781843639 0.007929940248898261 -0.8669342227363372
0.44906430223603583 0.6462755913686203 -0.6169838834673093
0.7069741583138085 -0.17181425907694334 0.6860520387363651
-0.47886784802128124 -0.8454409886284355 0.236463779210349
-0.5690074915264043 -0.09036464829866916 0.8173522526577429
-0.16075738268064518 -0.29039323253759136 0.943307391262274
-0.12869648997846303 -0.6925543316819384 0.7097927240651365
-0.8330843201067741 0.09108595358478357 -0.5455949639171757
-0.484745251788513 0.5497199314877137 -0.6803161307757113
-0.6325704430605771 -0.5256293351386914 0.568830762712252
0.440138356381658 -0.6641131002533844 0.6043442870694575
-0.08788322026862486 -0.4311281548949025 -0.8980005866658067
-0.08501408599678113 -0.9834213512585089 -0.16017194220905334
0.39317364001654515 0.25174014338645234 0.8843310403937593
0.14372028854227348 0.9220540520225563 0.3593894876176965
-0.7927083260471707 0.5431278809115462 0.2768133211968422
0.3690824666103301 0.9137188101088768 -0.16998843753047777
0.9735201587489555 -0.1405783459804185 -0.18026710501591361
-0.349500976950735 0.8213116675529938 0.45088381192032445
0.7675539957833101 0.6013807559076767 -0.22181535109407066
0.7288787545658996 0.37941023091305986 0.5698979187722671
0.6104874349887834 -0.7443848464199424 -0.270548132762314
-0.9918064137018975 0.12706049719721993 -0.013253972679015853
-0.5481240272937628 0.8335683329908209 -0.06873052406442559
0.42442515374394657 -0.2816776138142902 -0.860535304764026

