-0.5062818196766078 0.47928271287390645 0.7169147788999551
0.8023237949613791 -0.5499687977041989 0.2319716568690428
-0.12443110940525917 0.26201071753892563 0.9570095521502979
0.9400336620533564 0.33531872752142977 0.0624344871042083
0.7267962856535555 -0.2667459960326418 -0.6329405444121504
0.8611230181471246 0.1970997816185172 -0.4686350645258205
0.43200104093470587 -0.9015350138920283 0.024692495986254278
0.15569736005630558 0.6235264331628844 0.7661417096194857
-0.8338462410269237 0.49604875679263655 -0.2421488740625259
-0.9015140477028335 -0.3478950576331642 -0.2573741452999325
0.25843368753126467 -0.3473843279944794 0.9014078753887259
0.2749422046536837 -0.8186522443332316 -0.5041976665439208
-0.8968452553224295 0.08689145931010106 0.43372625272700216
-0.10522920777660894 0.8594892075449786 -0.5002050738891123
-0.6237799891315843 -0.3984520299570281 -0.6724094771656064
-0.24039807313000836 -0.7786327583429759 -0.5796031349730506
-0.0585228560097234 0.48282360798726875 -0.8737599435168801
0.030726784158714594 -0.943830564426366 0.32899807049566565
0.08329102215062519 0.014938555057522116 -0.9964132903579205
-0.6155649481860481 -0.7585309538330144 -0.21380034294145883
-0.10019256176133619 0.9946875267968207 0.023625719090112903
-0.8722501544426167 -0.428508733288377 0.23571154738455713
0.51090698461418 0.176653997484252 -0.8412891406914034
0.9340128394191525 -0.03657781207692823 0.35536189928555556
0.6493088068610692 0.7224379887666046 0.23765821197576598
-0.43441642302940453 0.08294904193010874 -0.8968845119887034
0.3763477507129041 0.638215645690106 -0.6715974688231775
0.6831639174641556 -0.22063139162609482 0.6961385285301779
-0.4802625008375299 -0.8385887263427856 0.25713202511563266
-0.6128955117068563 -0.013147629152390683 0.7900545750625473
-0.20549356169861438 -0.23452785583969737 0.9501416109905155
-0.11635605950796254 -0.6911832339546736 0.7132510108760719
-0.8179207885131623 0.09311696030973395 -0.5677453790394796
-0.5167748288822656 0.5662836552958951 -0.642079899995651
-0.5927812106971379 -0.5000188493450145 0.6313411015799014
0.44165986926219064 -0.7033652496588149 0.5569684779731234
-0.16914275733308626 -0.40974052885665124 -0.8963835265409738
-0.10079782092348243 -0.9838760582507426 -0.14774200925281503
0.3762611115217722 0.1635462932662508 0.9119650135368518
0.23270800470513364 0.891210647927545 0.3893463311329918
-0.7639421747845232 0.5810164541278153 0.28073516633694706
0.33772936786811397 0.921333172784349 -0.19257221712004347
0.9697744964875213 -0.19920046347240783 -0.1409134532780757
-0.300814841346212 0.8314887467005313 0.46705127698811927
0.7177580350756864 0.6299642440058505 -0.29659476454992806
0.686608615352892 0.396210388890793 0.6095784913021384
0.7113478549246977 -0.6364366401708463 -0.29821574797799677
-0.9958912105689672 0.08592932525513154 -0.028580548851883224
-0.523074030102352 0.8439071023371141 -0.11922399782535237
0.3287190785411136 -0.4409847379672604 -0.8351504225485537

