-0.5227113929150983 0.48173835666802806 0.7033498101453824
0.8135690141822246 -0.5291317027813996 0.2410914769837789
-0.13433245089871304 0.29102905213316477 0.947236445376769
0.9378227883982226 0.3440531563737549 0.045998295079700116
0.699239137944835 -0.26428966113184205 -0.6642406212999774
0.8761869141555804 0.16043785402786398 -0.4544845282927193
0.44739994024308716 -0.8939818631882139 0.02509425753059383
0.1763590582870688 0.6163268961568853 0.7674885273629296
-0.8335021050253855 0.4956043782678286 -0.24423460270815595
-0.9020293998208638 -0.3518221892029042 -0.2501281852236734
0.255453987176887 -0.39767663798249264 0.881247157180307
0.28421614525721944 -0.832580974937073 -0.4754262329194304
-0.8962532168217395 0.08879462097858623 0.43456378889865327
-0.12549147780322792 0.860915804756216 -0.4930272468329909
-0.6273799381054415 -0.4075539754049105 -0.6635466602993839
-0.22236006742337971 -0.7706399606763821 -0.5972185960133646
-0.0727611629599166 0.4581660495661392 -0.8858835613045761
0.026617944671511594 -0.9466123750320644 0.32127324267299123
0.13881251590705737 0.0013795888410028342 -0.990317717786662
-0.6077314968207298 -0.7626460712820406 -0.22143486114454458
-0.0932163832004701 0.9951408754766929 0.03170715784336547
-0.872523541753775 -0.42638217230629377 0.23853912095254898
0.5287099820607899 0.22186808150445406 -0.8192925663514911
0.9255044974128149 0.006963204111299045 0.3786726014080731
0.6634202649892496 0.7153834377501731 0.21931732488414696
-0.42918314499587495 0.08187034721686255 -0.8994993464689346
0.3274681364093482 0.6635361991480604 -0.6726695563623599
0.6805971532509915 -0.2272363131932593 0.6965279412579093
-0.49070726185864827 -0.8320821552628291 0.25854529593932557
-0.6041749136125819 -0.01200703567461488 0.796761259635242
-0.182041289647602 -0.21405281613290691 0.9597095189530058
-0.14131702116347192 -0.6940086663650054 0.7059613803458018
-0.8172394160635108 0.08662893108766054 -0.5697500900664969
-0.5218375709416413 0.5625937269749531 -0.6412283898285845
-0.5964671374664006 -0.48487958493054517 0.6396239067141098
0.4434002371446555 -0.7188279396668099 0.5354275140991844
-0.1852969722512882 -0.3772752329479831 -0.9073744710308695
-0.11233046842507681 -0.9825030458376035 -0.14855850962915193
0.35867516722024817 0.12410854689474599 0.9251752228671074
0.250055515189794 0.8869273696498068 0.3883710600562841
-0.7617216121067163 0.5869600155628815 0.2743321449993914
0.3445903722293589 0.9198403191507432 -0.18748669987892713
0.9722744221090137 -0.20095541882110496 -0.11957996386944549
-0.2840245540723838 0.8322462453229279 0.4761262855901495
0.7095585044310957 0.6166970456847708 -0.3408980531378594
0.6653930824561021 0.40511858698275094 0.6270015759953611
0.7270213612745067 -0.6158997743403933 -0.30349202331859737
-0.9957810492673931 0.08672135777405561 -0.02999179930838058
-0.5206055489181842 0.8466885740077937 -0.10994690118527806
0.30307134263917884 -0.4812821734273711 -0.8225054594420098

